289,
299,
309,
319,
329,
340,
351,
362,
373,
385,
397,
409,
421,
433,
446,
459,
472,
485,
499,
512,
526,
539,
553,
567,
581,
594,
608,
622,
636,
649,
663,
676,
690,
703,
716,
728,
741,
753,
765,
777,
789,
800,
811,
821,
832,
842,
851,
861,
870,
878,
887,
895,
902,
910,
917,
923,
930,
936,
942,
947,
952,
957,
962,
966,
970,
974,
978,
981,
984,
987,
990,
993,
995,
997,
1000,
1002,
1003,
1005,
1007,
1008,
1010,
1011,
1012,
1013,
1014,
1015,
1016,
1017,
1017,
1018,
1018,
1019,
1019,
1020,
1020,
1021,
1021,
1021,
1022,
1022,
1022,
1022,
1022,
1023,
1023,
1023,
1023,
1023,
1023,
1023,
1023,
1024};
